100
500.000 2.3 26.12
154.5859 2.0 503.52
491.43647 1.25688 1929.42204
493.89608 1.26012 1922.29817
261.0 1.0 1726.0
439.51278 3.21929 1162.97205
174.23433 3.02514 747.08393
194.0 2.0 511.0
257.50 2.346 1.00
465.0 2.0 173.0
492.31853 1.07111 1969.85526
497.38492 1.37937 1926.48714
493.34820 1.28145 1959.64363
353.00000 4.00000 403.00000
17.0 1.0 1854.0
12.53386 3.51629 478.90443
495.67114 1.48531 1956.51258
295.56620 2.70517 1136.39566
290.00000 2.00000 580.00000
496.43187 1.14841 1966.97432
46.0 2.0 1698.0
227.3 1.0 1132.824
341.0 4.0 1297.0
496.43102 1.41204 1960.84377
490.20446 1.39495 1902.86029
492.52672 1.24748 1969.03420
153.58076 3.27842 1380.39502
496.53175 1.13636 1992.12348
493.52413 1.26888 1970.30671
1.03632 3.74259 1999.61223
341.94254 3.517 2000.00
405.00000 2.00000 406.00000
215.471 1.0 1674.684
412.00000 2.00000 824.00000
481.0 3.0 22.0
1.000 2.6332 1129.90
200.71691 1.11989 1865.45132
492.15969 1.31825 1920.86921
1.07491 3.46029 1999.20295
252.5 2.4 641.110
492.87808 1.16136 1943.27286
177.18649 1.06739 1690.55846
440.00000 2.00000 880.00000
158.61 1.0000 1716.96
166.63 1.491 791.65585
498.44131 1.07602 1909.45702
1.03945 3.73943 1999.12591
93.37 2.0 1542.5300
490.38300 1.28082 1941.11629
497.00000 3.00000 527.00000
6.6 4.0 1368.99
493.58313 1.38998 1998.89837
18.76363 1.14348 987.16144
202.06059 3.44293 1286.93722
219.22884 2.15203 692.64675
299.01287 3.65765 1235.82013
491.91520 1.06964 1968.66762
491.32478 1.13719 1997.38286
325.0 3.0 1251.0
408.3 3.99703 1941.062
41.3093 3.0 34.7
1.58365 3.56619 2.71949
493.74931 1.08000 1957.22938
495.95706 1.39815 1909.69532
494.57953 1.02193 1998.10135
491.86532 1.10548 1946.42811
133.07123 1.96479 426.64090
36.0 1.8826 1282.4990
31.0 3.0 1367.0
64.31 2.4298 10.726
332.90212 1.97010 760.26485
412.62124 1.57485 1978.73074
498.52997 1.19002 1984.42583
77.93254 2.00620 1021.21422
491.84788 1.06184 1937.36653
158.91286 1.70322 1474.06056
494.64458 1.01082 1926.62106
493.13280 1.35696 1953.26311
493.12943 1.32274 1967.58663
482.82785 1.55895 910.05541
492.77579 1.47643 1914.42812
494.94188 1.44278 1926.25110
231.45 2.0 1495.0
1.07147 3.97297 1999.15484
337.00000 3.00000 379.00000
490.02494 1.28847 1967.04933
470.98929 2.47143 1657.75888
348.00000 2.00000 696.00000
88.0 1.0 280.0
490.79799 1.03842 1906.20952
462.17154 3.95733 70.60698
251.0 2.0 528.0
86.0 4.0 800.0
184.676 2.44 1917.67895
495.22593 1.28929 1925.12405
493.76503 1.00379 1967.02344
302.81154 2.99193 77.46256
491.54760 1.15959 1945.36098
106.0 2.0 584.0
424.6741 3.4 456.927
