100
2 2 2
2 1 3
4 4 1
3 2 3
5 4 15
5 5 6
5 4 4
10 15 5
11 11 11
5 6 10
5 20 4
7 2 7
6 9 2
5 5 3
7 14 5
7 4 7
7 5 7
5 7 7
6 6 3
5 4 5
3 2 2
2 4 1
18 6 9
15 10 9
6 4 6
2 4 4
5 15 2
5 3 10
4 2 4
12 12 2
6 3 4
18 12 15
19 19 10
3 3 4
5 3 20
6 20 20
5 20 5
7 14 20
5 10 5
20 17 14
19 19 1
4 3 3
5 3 8
18 3 6
6 4 9
18 9 12
2 1 1
6 5 5
2 3 3
16 8 8
7 6 7
10 5 20
7 14 4
4 3 2
6 12 12
5 3 5
17 4 5
6 3 20
5 5 1
5 2 10
10 10 1
6 10 3
6 18 1
1 1 1
5 20 1
5 2 20
3 1 3
20 20 20
4 4 3
5 5 5
2 1 4
5 20 20
7 7 7
6 3 8
5 2 5
20 10 16
8 10 11
6 4 20
4 1 4
5 10 10
6 6 6
8 7 1
7 3 7
19 19 19
4 4 4
13 16 10
6 6 5
7 1 7
18 15 18
8 8 8
5 10 4
3 4 4
14 7 8
9 9 9
8 4 4
6 18 18
5 10 7
8 16 6
10 10 10
5 15 3
