100
3 8
5 6 9 4 8 2 1 7
3 1
2
3 10
2 4 8 16 32 64 100 100 100 100
3 10
1 4 4 4 4 4 4 4 4 4
100 1
100
3 5
11 20 60 22 100
2 10
100 100 100 100 100 100 100 100 100 100
3 5
100 100 100 100 100
3 4
1 6 12 49
2 6
9 64 19 16 81 80
1 10
100 100 100 100 100 100 100 100 100 100
1 10
1 1 1 1 1 1 1 1 1 1
21 7
10 16 1 34 27 5 52
11 7
2 45 49 26 19 27 70
4 1
29
2 7
71 58 1 18 1 26 92
2 7
22 35 14 5 16 9 34
1 6
9 99 48 59 52 11
3 9
70 39 60 29 61 1 87 18 2
1 5
51 65 12 16 16
1 2
13 40
9 6
63 5 34 10 68 94
15 2
5 55
2 8
21 1 29 80 37 4 4 6
22 1
8
1 1
11
3 3
17 52 31
3 9
10 13 2 11 1 1 83 35 4
5 1
31
1 5
36 2 36 98 68
22 5
22 1 61 69 95
21 5
98 18 30 4 1
20 3
17 92 5
23 4
55 26 10 71
17 1
43
20 1
30
15 5
3 1 66 1 46
17 5
13 33 20 96 51
1 4
7 8 18 1
1 6
4 61 9 31 93 13
21 4
22 26 28 60
1 2
7 1
9 2
3 12
9 9
25 1 1 17 98 8 21 10 5
1 3
4 18 87
12 5
36 78 13 2 67
1 4
17 2 7 10
6 5
98 29 14 27 71
21 2
8 39
12 8
9 94 2 28 46 3 82 98
18 8
6 3 48 86 1 21 79 6
15 6
66 1 3 10 37 34
13 5
2 1 40 31 10
5 8
29 9 26 1 7 48 93 59
9 3
28 33 29
23 4
71 89 35 5
2 3
70 2 3
1 7
54 74 6 8 17 52 31
10 3
23 1 43
15 7
17 19 20 10 44 90 41
1 2
38 70
1 7
88 89 56 4 32 48 11
6 6
43 16 93 51 10 2
17 8
64 38 7 27 35 46 24 48
19 7
24 16 74 8 22 1 77
1 7
14 1 10 55 1 1 4
24 2
34 14
12 4
17 75 1 23
12 2
1 1
5 6
18 17 20 9 56 40
4 5
1 5 90 58 4
1 2
49 5
13 1
22
1 6
63 57 2 30 1 1
5 5
93 19 1 1 1
7 3
27 2 56
1 3
17 9 21
2 6
2 83 67 4 47 94
10 2
49 55
4 9
1 3 79 1 27 16 22 19 5
1 4
69 70 3 3
1 3
68 5 19
19 5
96 55 21 92 47
1 3
5 2 96
13 7
8 59 1 73 17 81 62
1 3
91 1 32
23 4
61 2 4 1
11 3
52 45 60
3 6
7 37 4 1 49 31
4 6
15 76 58 82 8 86
19 6
8 4 23 2 89 71
1 5
71 96 16 1 69
14 4
25 11 1 1
13 7
2 12 32 42 53 64 24
22 1
77
22 2
49 15
1 9
10 27 2 10 39 10 23 56 12
6 4
56 21 5 12
11 9
23 63 1 28 81 65 63 3 12
1 9
81 77 98 17 88 11 53 81 28
