100
3 8
5 6 9 4 8 2 1 7
3 1
2
3 10
2 4 8 16 32 64 100 100 100 100
3 10
1 4 4 4 4 4 4 4 4 4
100 1
100
3 5
11 20 60 22 100
2 10
100 100 100 100 100 100 100 100 100 100
3 5
100 100 100 100 100
3 4
1 6 12 49
2 6
9 64 19 16 81 80
1 10
100 100 100 100 100 100 100 100 100 100
1 10
1 1 1 1 1 1 1 1 1 1
23 8
2 92 6 10 60 15 56 12
17 8
4 1 74 68 75 2 23 11
3 6
59 76 54 43 2 20
16 9
57 32 44 52 6 98 60 36 80
4 9
97 91 58 59 11 64 10 1 29
2 2
30 86
6 2
21 52
1 7
1 7 4 21 4 11 5
2 9
67 5 9 28 2 71 5 25 11
22 8
96 29 70 21 26 21 24 91
22 7
48 29 1 35 28 77 24
15 3
5 44 47
15 3
63 4 85
1 7
48 66 5 71 76 2 3
10 9
13 87 5 1 52 1 1 8 12
1 9
22 2 6 17 17 4 31 65 22
2 6
10 1 86 4 26 15
1 9
80 6 49 63 2 7 5 1 1
19 6
46 1 15 14 1 19
21 5
56 98 17 32 89
2 3
2 1 36
3 1
22
2 4
38 1 26 27
11 4
41 18 2 39
1 8
25 30 7 25 41 25 1 16
2 6
1 52 38 86 80 13
6 8
1 2 77 1 97 57 27 62
23 8
6 22 3 3 4 34 7 38
20 1
23
22 3
8 94 34
2 3
64 1 48
21 5
3 87 55 1 1
1 5
6 61 97 2 52
15 1
2
16 8
15 6 78 2 81 99 7 31
13 5
1 10 1 74 3
1 9
20 1 5 24 1 94 31 28 10
1 1
3
15 5
9 15 74 17 86
3 7
53 79 81 2 34 6 1
25 5
18 63 4 39 39
9 7
1 48 34 70 35 10 60
4 9
1 1 24 4 36 8 67 25 26
1 5
10 1 65 7 1
24 8
1 28 7 35 1 5 42 14
4 2
74 4
3 5
31 2 13 60 33
5 9
16 3 13 33 17 20 3 19 87
1 3
29 42 18
18 6
44 47 2 49 16 27
6 1
4
1 7
16 93 49 89 8 5 1
4 6
6 97 16 90 95 71
22 9
31 87 71 50 11 44 70 19 73
8 7
23 79 1 24 8 1 58
6 9
9 64 2 67 49 70 40 57 63
9 5
28 2 97 2 43
1 8
42 79 1 3 7 42 9 16
6 4
81 4 12 71
7 2
9 89
23 1
1
9 5
86 10 45 1 73
11 7
1 78 28 98 33 72 65
2 4
44 19 30 1
18 8
43 9 1 61 16 46 4 50
1 5
15 2 62 71 81
4 5
65 56 27 19 24
25 5
44 1 30 2 81
1 4
27 87 2 19
15 8
74 2 5 38 10 2 48 1
2 3
88 99 64
9 6
6 75 91 29 9 53
4 1
7
3 9
38 16 81 71 2 91 6 71 65
1 7
78 1 3 3 60 75 11
9 5
4 6 67 93 51
4 8
2 53 37 92 9 31 21 2
1 5
40 24 38 16 91
16 9
75 66 42 2 23 59 19 73 27
1 1
17
5 4
32 65 27 63
6 4
17 59 2 1
18 7
2 44 4 1 70 16 19
5 9
80 1 42 51 3 52 1 9 42
18 1
1
7 1
99
4 9
4 65 63 22 98 5 6 56 73
1 3
21 1 31
