100
1 2
01
00
2 9
010011011 010011010
001110100 001110101
10 10
1110001010 0100111110 0111010000 0101000001 0001111111 1110011011 0010000101 1001110111 1000100000 1011101100
1101100000 1110101100 0001111110 1100110111 1011001010 0010010000 0000000001 0100111111 1011011011 0111000101
10 10
0111100011 1100110111 1011100000 0010111010 1110010001 0001111100 0101010100 1011001101 0000001010 1100001111
0010110100 0101011101 1001110011 0000000100 1110001001 0111101010 0011000010 1100101111 1110110001 1001011110
10 10
0110111010 1100110110 0000001001 1111111000 1010011001 0111001111 1011000010 1001000100 0101100111 0000110101
0011111101 0001111011 0101000001 1100000011 1101110110 1111011110 0000100000 0110001111 1010001100 1010110000
2 4
1110 1100
0101 0111
10 10
0010101100 0111100011 0100010011 1100001101 0000110111 0110101011 1111000100 1001111000 1001011100 1011010010
0001111000 0000110000 0010001000 1111100011 1001011111 1101001001 0110101100 0100110111 1010010110 1111000111
5 10
0010011101 0010111101 1010010101 0111000111 0001101011
1001010110 1001101001 1100110110 0111001001 0011010101
5 4
1000 0100 0110 1100 1111
1100 0111 1110 0100 0000
2 4
0010 1001
1001 0000
2 9
011101011 011001000
100011110 100111101
10 10
0010100010 1111001100 1100011101 0100111011 1001100001 1001011110 0011010110 0001001111 0110110000 1110100001
0011111001 0110001101 1110011100 1011011111 1001100011 1110100011 0100010100 0001110010 1000001110 0101100000
10 10
1001111101 0011000110 0110000010 0111101100 0010011001 1001101101 0101011011 1100100010 1110010001 1000110110
0111111100 0110100111 1100001000 1101010111 1011001010 0111101100 0000000000 1001111101 1000010011 0010110011
3 10
0011000010 0001000101 0010010110
1101100001 1111100110 1110110010
2 6
101100 010011
011100 100111
5 8
10010010 10011110 00000111 00110010 01100111
00101101 11010100 01001101 11011000 01111000
1 7
0101011
0010001
4 9
001010010 101010101 011100001 110111111
111100100 001010000 101010111 010111010
6 7
1111110 1110101 0001010 0000010 1110110 0000001
1111110 0001010 0001001 1111101 1110101 0000001
6 4
1011 1101 1010 0101 0011 1100
1010 0010 1101 1011 0100 1100
10 10
1011010011 1001000011 0011010100 0000101110 1100101010 1110111110 0011011001 0111001100 0100110101 1100100001
1110101010 1100110101 0000111010 0011001101 0011000000 0111011000 1011000111 1001010111 1100111110 0100100001
6 7
1100010 0101110 0010001 1000001 0001101 0110010
0000101 0100110 0011001 1101010 1001001 0111010
4 3
101 000 110 011
100 001 111 010
7 10
0101010010 0011001000 1000111010 1001011111 0001001000 0000001100 1001100011
0110010110 0101010010 1100111101 1101100100 0100010110 1100000001 0000001100
10 10
0010011001 1010000010 0111110100 1010110010 0100000111 0011100011 1101011100 1101001111 1101101100 0000111001
0011110101 1110010000 0011100110 1100110000 1010101110 1101001010 0011000101 0100011011 1001011101 0100101011
8 6
011011 000100 100100 001110 001111 100111 110100 110010
010000 101100 101101 000101 111001 000110 100110 010110
7 6
010100 000001 100010 010010 011010 001101 110010
001110 100111 010000 101100 010101 100100 010100
4 6
010111 001001 000001 011111
101001 111111 110111 100001
7 7
0101011 0011100 0001000 1111011 1101101 0000010 0111100
0000110 1000001 1111111 1100001 0010000 1010110 1110101
10 10
1100110111 1000101101 0101100010 1011001101 1010010010 0111101010 0011111001 0011001000 1100010111 0100010100
1011111111 0000011010 1011001110 0100100000 1100100011 0010100101 1101010101 1111011101 0011111010 0100000000
2 7
0010110 0000100
0110010 0100000
2 7
1100111 1111001
1011001 1000111
10 10
0010001010 0000010110 1101100011 0000110101 1101111101 1111011001 1011101000 1111000110 0100100011 0010011100
1101100010 1111101000 0000100111 1101110100 0100010110 0010011101 0010000011 1011011101 1111001011 0000111000
10 10
1000001111 1100110000 0011011110 0100000100 1111101000 0110011011 0110111101 1001110111 0001100001 1011000010
1011000000 1100110010 1001110101 1000001101 0110011001 0011011100 0110111111 0001100011 1111101010 0100000110
10 10
0001011100 1011111111 0100110000 1110010001 0110001010 1000101101 0000001011 0111100001 1011110110 1101000110
1111000010 1010101100 1100010101 0101100011 0000001111 0110110010 0111011001 1001111110 1010100101 0001011000
1 4
0111
1100
2 10
0000000010 1110101011
0000010010 1110111011
3 8
11111011 10100001 10011010
11010000 01100011 01010100
10 10
1001001100 0001100101 0010110111 1011011011 0111000110 1110010010 0100101100 0000001001 1101110000 1110111011
1101110000 1011011011 0100101100 0010110111 1110010010 0000001001 0111000110 0001100101 1001001100 1110111011
10 10
1100111101 0111000110 1100101110 1010000000 0000010000 1011011110 0100001011 1011100111 0001111001 0111110001
1000111011 1110110011 0101111111 0010100101 1001010010 0101101100 1110000100 1101001001 0011000010 0010011100
3 5
01000 01010 10111
11010 00111 00101
1 9
000001111
101100100
2 4
1000 1110
1010 0011
2 10
0111010010 1101000001
1010101101 0000111110
4 6
100111 111100 011000 000011
100111 111100 000011 011000
1 9
100010000
000010110
10 10
1111110011 1100000110 1100001000 0011000001 1100000011 0010001011 0111101100 1001111111 1000001011 1101010101
0010000111 1000000111 0011001101 1111111111 0111100000 1100001010 1100000100 1100001111 1001110011 1101011001
10 10
0101001110 1011101111 0100011100 0100000000 1010100111 1001110000 0111000011 1000111001 0110110101 1011011010
1100000010 0001101101 1101111111 1100110111 0000011011 1111100001 0010010110 1110101000 0011011000 0011000100
8 10
0000101100 0111000000 0000100000 0101110101 1101001000 0101000110 0000001110 0001101000
1110001011 1111000011 1101100001 1010001100 1001110010 1011101011 0000000101 0110000011
10 10
0100110010 1010010011 1011100000 0100101101 0001100000 1110010110 0011011001 1100001111 1111011110 0001101101
1100110101 1001000011 1110101100 0011001110 0110001110 0110010001 1101111101 0001111010 0011000011 1000110000
10 10
0010111001 1011100010 0101010010 1011111001 0101001111 0100011110 1010101100 0100010011 1010000100 1101100101
1101001110 0011111110 1100000000 0010110010 0010111111 1011001001 0011100011 1100101000 1101010101 0100010101
3 10
1100001110 0110010000 0011100010
0011110101 1100011001 1001101011
1 2
11
01
6 10
0101001000 0110011010 1101001000 1010011111 1110011010 0010011111
0010111010 1010111010 0101101101 0110111111 1101101101 1110111111
2 8
11111100 10101000
01110101 00100001
10 10
1110000000 1001011100 0001111000 1111010111 0001001100 0110000011 1010100110 0000101011 1100110011 0111111101
0110010000 1000111111 1110111010 1111000100 1001101100 0011100001 0101110100 0000011011 1000001011 0111000111
10 6
011110 000110 010011 000100 101101 011101 111011 010000 000011 001110
011001 011010 010100 111111 101001 010111 000000 000111 000010 001010
1 3
110
000
7 7
1111111 1001001 1001010 0110000 1000010 1101000 1110111
0000000 1000111 0001000 0111110 0111101 0110101 0011111
6 9
000110111 011100000 011101111 000110000 011101000 011100111
110001000 101011000 101011111 110000111 110001111 110000000
5 7
0011001 0000001 0100001 1100100 0111011
0010110 0001100 0110100 1001001 0101100
1 6
101100
000101
5 5
11100 01111 11111 11110 11101
10110 00100 10101 10111 10100
4 7
0111110 0101100 0010011 0000001
1000101 1101000 1010111 1111010
10 10
0010000111 0011101110 0110110000 1110011000 0001111111 1101001001 1000010010 1101000001 0000101110 1111110101
1010100101 1101101010 1100111011 0010001101 0001010100 0001011100 1110010010 0011100000 0100000111 1111111011
10 10
0011101111 1111111100 0010001011 1101001100 1101100110 0011110000 1000011010 0000010001 0110100011 1100010101
0100010100 1001100011 0010100110 0111101010 0111110101 1001001001 1100011111 1011111001 0110001110 1000010000
10 10
0110010101 0110001001 1101011100 0101100001 1000101011 1000100010 0011110100 1001011110 1010001011 0111110110
1100011111 0011001011 0011000010 0010110111 1110001000 1101111100 0001100010 1101100000 1000011101 0110110101
2 5
00110 01111
01100 10111
10 10
0000010011 1100100000 1110100101 0011101100 0011010001 0100111011 1111001100 0110011010 1001101111 1001010110
1100000111 1110100110 1011010000 0001101010 0110011001 1000101111 0111110000 1011101101 0100011100 0001010011
2 3
100 111
101 110
10 10
1000110111 0001111000 0100001010 1010110101 0101001101 0111010101 1011001010 1000110010 0111100011 1110001100
1111101000 1111011110 0000111100 1001110011 1101000110 0000111001 0010111110 0110000111 1100000001 0011000001
10 9
010010001 010001100 010011010 000010111 011000011 111110000 011001001 011101001 111100011 100110001
100000001 101000100 100001101 110001010 101001110 110101101 100110111 010010100 010111000 101011111
2 8
01101111 11110000
01101111 11110000
10 10
1010001010 0010111010 0001010001 1100111100 0000000101 1111000000 0111110100 1111100011 1001111111 0100001111
0100111011 1111111110 0010001110 1100001011 1001000001 1001100010 0001110101 1010111101 0111010000 0110000100
10 10
1101000101 0111101011 1010111110 0110110010 0011000000 0000100110 1001010100 1100011001 0000101011 1111011101
0010011100 1101100111 0100001000 0001111010 0010010001 1011101110 1111111111 1000000100 0101010001 1110100011
10 10
1110010001 0001000011 0110101001 1111001000 0001100110 1010101100 0101110110 1110011011 0000011100 1001110111
1111100101 0000011000 1110011111 1011110101 1111000000 0001001011 0100101111 0111110100 1000101010 0000010010
10 10
1101011010 0110110101 1000111001 1010110011 0011101000 1101101011 0010000100 0110001100 0101000111 1001010110
1111010111 1011101010 0111111011 0100110000 1111100110 0100001001 0001010100 1000001111 0000111000 1010000101
2 7
1100101 0100101
0010010 1010010
10 10
1000011100 1001111001 0010101010 1110100111 0111000001 0011100100 1001101011 1100011100 0111010111 0100010010
0101111111 1011000111 1011010001 0000011010 0100011010 1110101100 1111100010 0101101101 1000010100 0010100001
2 3
001 011
001 011
4 6
111100 011111 101001 011101
100110 010100 110010 110000
4 8
01100010 00100101 01101010 00101101
01101111 00100000 01100111 00101000
10 10
0001011000 0110100010 1101010011 1101011101 0110000111 1000101011 0011111100 1000100000 1010010100 0111101111
0001100111 1101101100 0111010000 0011000011 0110011101 1010101011 1101100010 1000011111 1000010100 0110111000
5 10
1001110110 1000110000 0111101101 1101101010 0101101011
0110001110 1001100000 1100101100 1100101000 1011101001
10 10
0101101110 1110100101 0011001001 1000100111 0010111011 1111011000 0111011000 0000100110 1100010111 1001010000
1111110010 1010110101 0100111101 0110001011 1100111101 1011000010 0011000011 0000101100 1101000000 0001011110
10 10
0001000110 1000100111 0110100100 1010111100 1001010011 1111001101 1111011001 0001011000 0110111010 0100100011
1100110111 1010101001 0010111100 1100100011 1001000110 0010100010 1011011101 0101011110 0111011001 0101000000
10 10
0001010101 0100001100 0111111011 1011101000 1100001110 1011011110 0010000011 1100110010 1010100001 0101110101
0001100000 1111111101 1000001011 1101110011 1011011101 0001010110 1110000100 0110000110 0110111010 0000101001
6 6
011000 101111 000110 110110 110001 010100
110101 000010 010000 101011 110010 011100
8 9
011100100 100101010 000001110 000001010 011000100 111100000 000101110 011000000
000011010 000111010 000111110 011010000 111010100 011110000 100011110 011110100
4 7
1001011 0100101 1000100 1001100
0110101 0001001 1100010 1010010
10 10
0111110101 0010001001 1011000111 0010011011 1101011100 1000100000 0101110110 0101101010 1100111000 1010000111
1010011011 0111010001 1001111100 0000110010 1111100111 0111001101 0000100000 1110000011 0101001110 1000111100
5 5
00000 01110 00011 10000 11010
01001 01010 00100 11010 10000
10 10
1011010110 0001111100 1100000101 0111101001 1011100011 0010111010 0110010000 0101010111 1100101011 1000001100
0101000000 0010001000 0101101110 0010111101 1011010001 1000010111 1100111100 1111111011 0001100111 1110000010
10 10
0110111000 1111000100 0101000111 1011110111 0010111010 1011011101 0100101100 1000010010 1001000001 0100101011
0000111111 1001000011 0110111010 1010111100 1011010000 1011010111 0100001100 0100100110 1101000001 0111101001
2 8
10100110 00000100
10011010 00111000
2 6
010110 011110
010101 011101
4 5
11100 01001 10110 00011
11101 10111 00010 01000
10 10
0101110101 1110010000 1000011010 0000101000 1011101111 0001011101 1100001001 0011110110 0111000010 1110100111
0111011110 0011001101 1100110010 0001010100 0100101011 1111101100 0001100011 1000000110 1110011001 1010110001
10 10
1110100100 0011100011 0000010000 0101110110 1110100011 1001011111 0000011001 1110101010 0111011100 1001001101
1001101110 0000011000 0100100111 1110001001 1110011011 0111011101 0010110010 0111010100 1001100111 1001100000
10 10
1000101101 1111010110 0011110110 1000011000 1111101010 0101110010 0110000101 0010001001 0101001001 1000110111
1101000111 0000111001 1110001011 1101111100 1010000111 0111011000 1011111000 0000010110 0111100100 0000100011
