100
1
19
23
777700000001
21098765432109
200000001
43210987654321
10000000000001
19999999999999
54321098765432
777700007001
3020000001
999991
8796093022208
10010001
99999999999999
40302000000
100100000
7777777777
9999999999999
536870912
8589934592
10000000000000
10001001
137438953472
65432109876543
67890123456789
17592186044416
777700700000
89012345678901
34359738368
999999
16777216
68719476736
134217728
10987654321098
87654321098765
17179869184
98765432109876
1000000
777707000000
77777777777777
45678901234567
35184372088832
1073741824
4398046511104
78901234567890
10010000
777700700001
274877906944
20000000000000
70368744177664
10000000
1000001
3020000000
67108864
777777777777
549755813888
200000000
32109876543210
11111110000001
56789012345678
33554432
777700000000
7777777777777
777777777
2199023255552
777770000000
504030200000
504030200001
999998
23456789012345
4294967296
77777777
1099511627776
777700070000
777770000001
20000000000001
10001000
100010000
12345678901234
2147483648
100100001
999990
11111110000000
999989
77777777777
100010001
268435456
34567890123456
1010000
777700070001
777707000001
9999999
777700007000
40302000001
76543210987654
1010001
100000000000000
90123456789012
