100
1
19
23
900000
10111
201
31
998999
12001
989999
90
1101
101001
2002
102
11011
1998
10999
99
1111
11
10010
777777
101000
1099
12000
100001
999
990000
999899
1100
131072
10110
900
64
101
200
901
30
2
1000
999901
100000
110
19
7
99001
11110
9
999990
16
11001
20
2101
899999
1000000
99000
990001
10000
22
32
10
2000
21
999991
999900
11000
12
10101
9999
100
2200
1110
999989
29
987654
2201
2100
111
10001
456789
654321
109876
11101
11111
999999
91
999998
11010
10100
999001
900001
1999
10011
1001
999000
199
321098
2001
11100
