100
0 1
6 1222221
5 020001
4 66902
6 8740938
4 22221
6 1202212
6 0000001
6 2020221
1 01
6 9000009
6 6080801
6 9000003
6 3784836
4 91001
6 4000401
6 0100011
6 0000222
6 1021101
5 500001
6 8005001
6 9020284
3 3001
1 22
6 0080191
6 0000401
6 0067401
3 6031
6 6000001
2 501
0 3
1 21
6 0000071
6 0100701
6 8400002
2 001
1 51
6 0700041
6 1308263
6 0145901
0 1
6 9999999
6 2200022
5 111111
6 7080401
6 6000001
6 1003161
6 4093001
3 2012
2 536
6 1111111
1 47
5 900801
2 002
6 1957602
6 2363968
6 0050025
6 4800401
0 1
4 68798
6 0006001
3 9001
6 0000001
0 2
5 212112
6 7090006
6 7030191
6 2356653
1 75
3 7021
6 0100001
6 2020161
6 0008001
0 1
6 0000001
4 77006
6 3640392
6 0000926
4 11212
2 944
6 0022201
6 1121211
1 09
3 1112
6 1393664
2 112
3 1012
1 01
3 3983
4 80011
4 16962
4 00701
4 20005
4 11111
6 1220012
6 0101121
5 110011
2 001
6 0060001
6 0112222
