100
2 5
1 3 70 1 21
3 8
5 6 9 4 8 2 1 7
3 1
2
3 10
2 4 8 16 32 64 100 100 100 100
3 10
1 4 4 4 4 4 4 4 4 4
100 1
100
3 5
11 20 60 22 100
2 10
100 100 100 100 100 100 100 100 100 100
3 5
100 100 100 100 100
3 4
1 6 12 49
2 6
9 64 19 16 81 80
1 10
100 100 100 100 100 100 100 100 100 100
1 10
1 1 1 1 1 1 1 1 1 1
10 6
48 5 12 68 17 40
5 9
1 2 87 69 53 1 14 37 15
1 3
27 2 46
1 7
12 79 90 35 26 1 51
11 8
35 3 39 7 22 47 1 3
1 1
78
7 9
84 17 2 12 4 24 63 75 31
1 3
31 90 32
1 1
12
11 3
87 1 57
12 9
77 97 10 28 24 1 30 25 13
2 2
3 52
15 1
17
6 5
2 36 91 83 61
22 7
35 34 7 24 51 2 64
1 8
14 4 29 2 87 8 65 42
1 9
29 13 29 69 1 1 94 85 2
9 6
51 12 32 1 49 13
3 3
3 1 25
9 8
22 13 4 94 30 63 8 34
6 1
4
16 2
5 4
3 9
2 4 71 1 98 3 34 93 1
1 5
4 28 19 1 8
18 4
21 12 19 1
23 3
19 49 19
15 5
73 8 97 25 52
1 8
19 3 37 54 17 35 36 22
3 3
16 3 58
5 1
18
23 7
21 23 7 40 91 7 33
16 5
1 34 6 41 32
23 2
1 5
2 1
10
21 7
5 1 31 1 2 47 38
18 6
22 50 67 88 4 47
2 1
20
18 6
21 10 87 7 5 1
15 9
70 3 61 4 2 33 1 1 40
3 3
69 57 73
1 4
43 14 4 83
22 9
17 17 71 31 56 3 32 3 17
19 1
23
21 4
3 1 32 41
4 3
70 14 31
20 4
4 12 30 5
6 7
1 13 65 25 89 2 11
1 1
45
4 8
83 88 6 18 2 54 4 1
17 3
68 28 2
6 9
93 2 58 91 87 25 24 7 23
2 3
12 21 69
9 9
14 44 62 1 8 56 43 2 1
2 9
84 4 82 42 79 3 48 13 2
12 3
9 29 40
2 2
5 25
1 4
91 42 79 1
4 9
1 21 22 79 22 30 53 3 85
4 3
91 1 38
2 4
2 13 36 29
21 1
36
10 6
29 61 24 25 1 1
13 2
1 84
1 2
8 31
21 4
18 18 2 66
12 5
2 60 95 16 76
5 6
19 2 6 43 77 39
16 3
25 48 1
2 5
1 3 70 1 21
22 1
63
3 5
2 1 49 52 65
23 2
2 31
4 7
45 16 2 72 1 56 2
3 4
57 12 1 13
1 7
3 10 32 4 33 75 46
11 1
87
4 5
11 34 78 1 93
24 9
9 4 61 15 67 6 40 8 13
3 6
23 9 32 1 81 43
1 8
23 13 20 39 46 7 52 30
1 7
6 3 78 1 31 90 24
7 3
11 9 71
1 3
50 28 3
13 7
68 43 89 71 11 1 1
16 3
12 1 22
1 7
39 3 6 3 22 84 26
2 6
18 54 80 13 5 17
21 9
25 95 2 42 5 60 11 1 62
